1000000000000000100000101000000000000000000000000000000000000000000000000
1011100000001011000000010000000000000000100000000000000000100000000000000000000011110111111111111111111111111111
10000000000000000000000000000110111100101100000110000000000011011011111110100000000000000000000010010000000000000000
1111101000000001000000000000000000000000000000000000000000000000010110110001101100000000000000000010111100000000
1101110000010000000001000000000000000000000000000000000000000000000000000000010000000000000001000001010000000000000000
10111000000010110000000100000000000000001000000000000000001000000000000000000000
111101111111111111111111111111110000100000000000000000000000000001101111001011000001100000000000110110111111101000000000
100100000000000000000000000011111010000000010000000000000000000000000000000000000000000000000101101100011011
101111000000000011011100000100000000010000000000000000000000000000000000000000000000000000000100000000
10000010100000000000000000000000000000000000000000000000000000000101110000000101100000001000000000000000010000000
